0 0 0 0 0 0 0 0 0 0 0 0 0 0 0 0 0 0 0 0 0 0 0 0 0 0 0 0 0 0 0 0 0 0 0 0 0 0 0 0 0 
0 177.778 177.778 177.778 177.778 177.778 177.778 177.778 177.778 177.778 177.778 177.778 177.778 177.778 177.778 177.778 177.778 177.778 177.778 177.778 177.778 177.778 177.778 177.778 177.778 177.778 177.778 177.778 177.778 177.778 177.778 177.778 177.778 177.778 177.778 177.778 177.778 177.778 177.778 177.778 0 
0 177.778 177.778 177.778 177.778 177.778 177.778 177.778 177.778 177.778 177.778 177.778 177.778 177.778 177.778 177.778 177.778 177.778 177.778 177.778 177.778 177.778 177.778 177.778 177.778 177.778 177.778 177.778 177.778 177.778 177.778 177.778 177.778 177.778 177.778 177.778 177.778 177.778 177.778 177.778 0 
0 177.778 177.778 177.778 177.778 177.778 177.778 177.778 177.778 177.778 177.778 177.778 177.778 177.778 177.778 177.778 177.778 177.778 177.778 177.778 177.778 177.778 177.778 177.778 177.778 177.778 177.778 177.778 177.778 177.778 177.778 177.778 177.778 177.778 177.778 177.778 177.778 177.778 177.778 177.778 0 
0 177.778 177.778 177.778 177.778 177.778 177.778 177.778 177.778 177.778 177.778 177.778 177.778 177.778 177.778 177.778 177.778 177.778 177.778 177.778 177.778 177.778 177.778 177.778 177.778 177.778 177.778 177.778 177.778 177.778 177.778 177.778 177.778 177.778 177.778 177.778 177.778 177.778 177.778 177.778 0 
0 177.778 177.778 177.778 177.778 177.778 177.778 177.778 177.778 177.778 177.778 177.778 177.778 177.778 177.778 177.778 177.778 177.778 177.778 177.778 177.778 177.778 177.778 177.778 177.778 177.778 177.778 177.778 177.778 177.778 177.778 177.778 177.778 177.778 177.778 177.778 177.778 177.778 177.778 177.778 0 
0 177.778 177.778 177.778 177.778 177.778 177.778 177.778 177.778 177.778 177.778 177.778 177.778 177.778 177.778 177.778 177.778 177.778 177.778 177.778 177.778 177.778 177.778 177.778 177.778 177.778 177.778 177.778 177.778 177.778 177.778 177.778 177.778 177.778 177.778 177.778 177.778 177.778 177.778 177.778 0 
0 177.778 177.778 177.778 177.778 177.778 177.778 177.778 177.778 177.778 177.778 177.778 177.778 177.778 177.778 177.778 177.778 177.778 177.778 177.778 177.778 177.778 177.778 177.778 177.778 177.778 177.778 177.778 177.778 177.778 177.778 177.778 177.778 177.778 177.778 177.778 177.778 177.778 177.778 177.778 0 
0 177.778 177.778 177.778 177.778 177.778 177.778 177.778 177.778 177.778 177.778 177.778 177.778 177.778 177.778 177.778 177.778 177.778 177.778 177.778 177.778 177.778 177.778 177.778 177.778 177.778 177.778 177.778 177.778 177.778 177.778 177.778 177.778 177.778 177.778 177.778 177.778 177.778 177.778 177.778 0 
0 177.778 177.778 177.778 177.778 177.778 177.778 177.778 177.778 177.778 177.778 177.778 177.778 177.778 177.778 177.778 177.778 177.778 177.778 177.778 177.778 177.778 177.778 177.778 177.778 177.778 177.778 177.778 177.778 177.778 177.778 177.778 177.778 177.778 177.778 177.778 177.778 177.778 177.778 177.778 0 
0 177.778 177.778 177.778 177.778 177.778 177.778 177.778 177.778 177.778 177.778 177.778 177.778 177.778 177.778 177.778 177.778 177.778 177.778 177.778 177.778 177.778 177.778 177.778 177.778 177.778 177.778 177.778 177.778 177.778 177.778 177.778 177.778 177.778 177.778 177.778 177.778 177.778 177.778 177.778 0 
0 177.778 177.778 177.778 177.778 177.778 177.778 177.778 177.778 177.778 177.778 177.778 177.778 177.778 177.778 177.778 177.778 177.778 177.778 177.778 177.778 177.778 177.778 177.778 177.778 177.778 177.778 177.778 177.778 177.778 177.778 177.778 177.778 177.778 177.778 177.778 177.778 177.778 177.778 177.778 0 
0 177.778 177.778 177.778 177.778 177.778 177.778 177.778 177.778 177.778 177.778 177.778 177.778 177.778 177.778 177.778 177.778 177.778 177.778 177.778 177.778 177.778 177.778 177.778 177.778 177.778 177.778 177.778 177.778 177.778 177.778 177.778 177.778 177.778 177.778 177.778 177.778 177.778 177.778 177.778 0 
0 177.778 177.778 177.778 177.778 177.778 177.778 177.778 177.778 177.778 177.778 177.778 177.778 177.778 177.778 177.778 177.778 177.778 177.778 177.778 177.778 177.778 177.778 177.778 177.778 177.778 177.778 177.778 177.778 177.778 177.778 177.778 177.778 177.778 177.778 177.778 177.778 177.778 177.778 177.778 0 
0 177.778 177.778 177.778 177.778 177.778 177.778 177.778 177.778 177.778 177.778 177.778 177.778 177.778 177.778 177.778 177.778 177.778 177.778 177.778 177.778 177.778 177.778 177.778 177.778 177.778 177.778 177.778 177.778 177.778 177.778 177.778 177.778 177.778 177.778 177.778 177.778 177.778 177.778 177.778 0 
0 177.778 177.778 177.778 177.778 177.778 177.778 177.778 177.778 177.778 177.778 177.778 177.778 177.778 177.778 177.778 177.778 177.778 177.778 177.778 177.778 177.778 177.778 177.778 177.778 177.778 177.778 177.778 177.778 177.778 177.778 177.778 177.778 177.778 177.778 177.778 177.778 177.778 177.778 177.778 0 
0 177.778 177.778 177.778 177.778 177.778 177.778 177.778 177.778 177.778 177.778 177.778 177.778 177.778 177.778 177.778 177.778 177.778 177.778 177.778 177.778 177.778 177.778 177.778 177.778 177.778 177.778 177.778 177.778 177.778 177.778 177.778 177.778 177.778 177.778 177.778 177.778 177.778 177.778 177.778 0 
0 177.778 177.778 177.778 177.778 177.778 177.778 177.778 177.778 177.778 177.778 177.778 177.778 177.778 177.778 177.778 177.778 177.778 177.778 177.778 177.778 177.778 177.778 177.778 177.778 177.778 177.778 177.778 177.778 177.778 177.778 177.778 177.778 177.778 177.778 177.778 177.778 177.778 177.778 177.778 0 
0 177.778 177.778 177.778 177.778 177.778 177.778 177.778 177.778 177.778 177.778 177.778 177.778 177.778 177.778 177.778 177.778 177.778 177.778 177.778 177.778 177.778 177.778 177.778 177.778 177.778 177.778 177.778 177.778 177.778 177.778 177.778 177.778 177.778 177.778 177.778 177.778 177.778 177.778 177.778 0 
0 177.778 177.778 177.778 177.778 177.778 177.778 177.778 177.778 177.778 177.778 177.778 177.778 177.778 177.778 177.778 177.778 177.778 177.778 177.778 177.778 177.778 177.778 177.778 177.778 177.778 177.778 177.778 177.778 177.778 177.778 177.778 177.778 177.778 177.778 177.778 177.778 177.778 177.778 177.778 0 
0 177.778 177.778 177.778 177.778 177.778 177.778 177.778 177.778 177.778 177.778 177.778 177.778 177.778 177.778 177.778 177.778 177.778 177.778 177.778 177.778 177.778 177.778 177.778 177.778 177.778 177.778 177.778 177.778 177.778 177.778 177.778 177.778 177.778 177.778 177.778 177.778 177.778 177.778 177.778 0 
0 177.778 177.778 177.778 177.778 177.778 177.778 177.778 177.778 177.778 177.778 177.778 177.778 177.778 177.778 177.778 177.778 177.778 177.778 177.778 177.778 177.778 177.778 177.778 177.778 177.778 177.778 177.778 177.778 177.778 177.778 177.778 177.778 177.778 177.778 177.778 177.778 177.778 177.778 177.778 0 
0 177.778 177.778 177.778 177.778 177.778 177.778 177.778 177.778 177.778 177.778 177.778 177.778 177.778 177.778 177.778 177.778 177.778 177.778 177.778 177.778 177.778 177.778 177.778 177.778 177.778 177.778 177.778 177.778 177.778 177.778 177.778 177.778 177.778 177.778 177.778 177.778 177.778 177.778 177.778 0 
0 177.778 177.778 177.778 177.778 177.778 177.778 177.778 177.778 177.778 177.778 177.778 177.778 177.778 177.778 177.778 177.778 177.778 177.778 177.778 177.778 177.778 177.778 177.778 177.778 177.778 177.778 177.778 177.778 177.778 177.778 177.778 177.778 177.778 177.778 177.778 177.778 177.778 177.778 177.778 0 
0 177.778 177.778 177.778 177.778 177.778 177.778 177.778 177.778 177.778 177.778 177.778 177.778 177.778 177.778 177.778 177.778 177.778 177.778 177.778 177.778 177.778 177.778 177.778 177.778 177.778 177.778 177.778 177.778 177.778 177.778 177.778 177.778 177.778 177.778 177.778 177.778 177.778 177.778 177.778 0 
0 177.778 177.778 177.778 177.778 177.778 177.778 177.778 177.778 177.778 177.778 177.778 177.778 177.778 177.778 177.778 177.778 177.778 177.778 177.778 177.778 177.778 177.778 177.778 177.778 177.778 177.778 177.778 177.778 177.778 177.778 177.778 177.778 177.778 177.778 177.778 177.778 177.778 177.778 177.778 0 
0 177.778 177.778 177.778 177.778 177.778 177.778 177.778 177.778 177.778 177.778 177.778 177.778 177.778 177.778 177.778 177.778 177.778 177.778 177.778 177.778 177.778 177.778 177.778 177.778 177.778 177.778 177.778 177.778 177.778 177.778 177.778 177.778 177.778 177.778 177.778 177.778 177.778 177.778 177.778 0 
0 177.778 177.778 177.778 177.778 177.778 177.778 177.778 177.778 177.778 177.778 177.778 177.778 177.778 177.778 177.778 177.778 177.778 177.778 177.778 177.778 177.778 177.778 177.778 177.778 177.778 177.778 177.778 177.778 177.778 177.778 177.778 177.778 177.778 177.778 177.778 177.778 177.778 0.833333 0.5 0 
0 177.778 177.778 177.778 177.778 177.778 177.778 177.778 177.778 177.778 177.778 177.778 177.778 177.778 177.778 177.778 177.778 177.778 177.778 177.778 177.778 177.778 177.778 177.778 177.778 177.778 177.778 177.778 177.778 177.778 177.778 177.778 177.778 177.778 177.778 0.833333 0.5 0.166667 0 0 0 
0 177.778 177.778 177.778 177.778 177.778 177.778 177.778 177.778 177.778 177.778 177.778 177.778 177.778 177.778 177.778 177.778 177.778 177.778 177.778 177.778 177.778 177.778 177.778 177.778 177.778 177.778 177.778 177.778 177.778 177.778 177.778 0.833333 0.5 0.166667 1.75302e-29 0 0 0 0 0 
0 177.778 177.778 177.778 177.778 177.778 177.778 177.778 177.778 177.778 177.778 177.778 177.778 177.778 177.778 177.778 177.778 177.778 177.778 177.778 177.778 177.778 177.778 177.778 177.778 177.778 177.778 177.778 177.778 0.833333 0.5 0.166667 0 0 0 0 0 0 0 0 0 
0 177.778 177.778 177.778 177.778 177.778 177.778 177.778 177.778 177.778 177.778 177.778 177.778 177.778 177.778 177.778 177.778 177.778 177.778 177.778 177.778 177.778 177.778 177.778 177.778 177.778 0.833333 0.5 0.166667 5.25907e-29 0 0 0 0 0 0 0 0 0 0 0 
0 177.778 177.778 177.778 177.778 177.778 177.778 177.778 177.778 177.778 177.778 177.778 177.778 177.778 177.778 177.778 177.778 177.778 177.778 177.778 177.778 177.778 177.778 0.833333 0.5 0.166667 0 0 0 0 0 0 0 0 0 0 0 0 0 0 0 
0 177.778 177.778 177.778 177.778 177.778 177.778 177.778 177.778 177.778 177.778 177.778 177.778 177.778 177.778 177.778 177.778 177.778 177.778 177.778 0.833333 0.5 0.166667 0 0 0 0 0 0 0 0 0 0 0 0 0 0 0 0 0 0 
0 177.778 177.778 177.778 177.778 177.778 177.778 177.778 177.778 177.778 177.778 177.778 177.778 177.778 177.778 177.778 177.778 0.833333 0.5 0.166667 1.75302e-29 0 0 0 0 0 0 0 0 0 0 0 0 0 0 0 0 0 0 0 0 
0 177.778 177.778 177.778 177.778 177.778 177.778 177.778 177.778 177.778 177.778 177.778 177.778 177.778 0.833333 0.5 0.166667 0 0 0 0 0 0 0 0 0 0 0 0 0 0 0 0 0 0 0 0 0 0 0 0 
0 177.778 177.778 177.778 177.778 177.778 177.778 177.778 177.778 177.778 177.778 0.833333 0.5 0.166667 4.38256e-29 0 0 0 0 0 0 0 0 0 0 0 0 0 0 0 0 0 0 0 0 0 0 0 0 0 0 
0 177.778 177.778 177.778 177.778 177.778 177.778 177.778 0.833333 0.5 0.166667 0 0 0 0 0 0 0 0 0 0 0 0 0 0 0 0 0 0 0 0 0 0 0 0 0 0 0 0 0 0 
0 177.778 177.778 177.778 177.778 0.833333 0.5 0.166667 0 0 0 0 0 0 0 0 0 0 0 0 0 0 0 0 0 0 0 0 0 0 0 0 0 0 0 0 0 0 0 0 0 
0 177.778 0.833333 0.5 0.166667 1.31477e-29 0 0 0 0 0 0 0 0 0 0 0 0 0 0 0 0 0 0 0 0 0 0 0 0 0 0 0 0 0 0 0 0 0 0 0 
0 0 0 0 0 0 0 0 0 0 0 0 0 0 0 0 0 0 0 0 0 0 0 0 0 0 0 0 0 0 0 0 0 0 0 0 0 0 0 0 0 
