0 0 0 0 0 0 0 0 0 0 0 0 0 0 0 0 0 0 0 0 0 0 0 0 0 0 0 0 0 0 0 0 0 0 0 0 0 0 0 0 0 ;
0 0.157718 0.277958 0.375563 0.457525 0.527679 0.588393 0.641265 0.687436 0.727767 0.762921 0.793426 0.819709 0.842116 0.860933 0.876393 0.888685 0.897962 0.904341 0.907908 0.90872 0.906804 0.902158 0.894752 0.884525 0.87138 0.855188 0.835777 0.812928 0.786369 0.755759 0.720677 0.680594 0.63484 0.582549 0.522561 0.453264 0.372268 0.275713 0.156581 0 ;
0 0.277953 0.503625 0.69188 0.852005 0.989979 1.10985 1.21448 1.30599 1.38602 1.45583 1.51644 1.56868 1.61323 1.65064 1.68139 1.70583 1.72428 1.73696 1.74404 1.74563 1.7418 1.73254 1.71778 1.69741 1.67124 1.63901 1.60038 1.55494 1.50214 1.44131 1.37165 1.29213 1.20146 1.098 0.979605 0.843367 0.6852 0.499073 0.275648 0 ;
0 0.375544 0.691857 0.96155 1.19393 1.39575 1.57197 1.7263 1.8616 1.98011 2.0836 2.17353 2.2511 2.31727 2.37287 2.41855 2.45487 2.48227 2.50109 2.51158 2.51391 2.50816 2.49432 2.47232 2.44197 2.403 2.35504 2.29759 2.23005 2.15162 2.06135 1.95808 1.84034 1.70633 1.5538 1.37984 1.18068 0.951301 0.684874 0.372007 0 ;
0 0.457479 0.851932 1.19387 1.49185 1.75267 1.98162 2.1829 2.35984 2.51512 2.65093 2.76908 2.87105 2.9581 3.03125 3.09137 3.13917 3.17521 3.19994 3.21368 3.21666 3.20898 3.19064 3.16154 3.12145 3.07002 3.00677 2.93107 2.84214 2.73897 2.62037 2.48485 2.33061 2.15545 1.95664 1.73078 1.47363 1.17977 0.842324 0.452612 0 ;
0 0.527587 0.989819 1.39557 1.75253 2.06717 2.3448 2.58983 2.80584 2.99582 3.16225 3.30721 3.43244 3.5394 3.62933 3.70324 3.76198 3.80625 3.83658 3.85337 3.85689 3.84728 3.82453 3.78853 3.739 3.67554 3.59757 3.50434 3.39491 3.26813 3.12256 2.9565 2.76786 2.55415 2.31232 2.03871 1.72883 1.37723 0.977323 0.521256 0 ;
0 0.588234 1.10955 1.5716 1.98126 2.34455 2.66666 2.95197 3.20423 3.42657 3.62168 3.79184 3.93897 4.06471 4.17046 4.25738 4.32645 4.37845 4.41402 4.43361 4.43753 4.42596 4.39891 4.35623 4.29763 4.22264 4.13061 4.0207 3.89185 3.74275 3.57182 3.37716 3.15649 2.90711 2.6258 2.30875 1.95143 1.54852 1.09382 0.580263 0 ;
0 0.641009 1.214 1.72566 2.18219 2.58918 2.95155 3.27362 3.55914 3.81134 4.03301 4.22657 4.39409 4.53734 4.65785 4.7569 4.83556 4.89473 4.9351 4.95719 4.96136 4.94781 4.91655 4.86745 4.80017 4.71422 4.60889 4.48326 4.33617 4.16621 3.97167 3.75053 3.50037 3.21836 2.90121 2.54505 2.14542 1.69719 1.19459 0.631176 0 ;
0 0.687054 1.30526 1.86059 2.35866 2.80463 3.20318 3.55848 3.87423 4.15368 4.39968 4.61474 4.80101 4.96038 5.09448 5.20468 5.29214 5.35783 5.40252 5.42677 5.431 5.41542 5.38007 5.32481 5.2493 5.15301 5.03519 4.89486 4.73081 4.54154 4.32526 4.07986 3.80285 3.49133 3.14198 2.75096 2.31391 1.82595 1.28164 0.675082 0 ;
0 0.727222 1.38497 1.97862 2.51332 2.99387 3.42467 3.80975 4.1527 4.45677 4.72481 4.95937 5.16269 5.33671 5.48314 5.60343 5.69882 5.77033 5.8188 5.84485 5.84891 5.83125 5.79192 5.73077 5.64748 5.54148 5.41202 5.25808 5.0784 4.87144 4.63536 4.36799 4.0668 3.7289 3.35094 2.92917 2.45936 1.93683 1.35646 0.712773 0 ;
0 0.762176 1.45438 2.08153 2.64836 3.15935 3.61868 4.03018 4.39736 4.72341 5.01118 5.26322 5.48181 5.66894 5.82639 5.95565 6.05804 6.13463 6.18629 6.21372 6.21738 6.19755 6.15432 6.08756 5.99694 5.8819 5.74168 5.57524 5.3813 5.1583 4.90437 4.61733 4.29465 3.93343 3.53039 3.08183 2.58367 2.0314 1.42017 0.744836 0 ;
0 0.79244 1.5145 2.17074 2.76555 3.30313 3.78744 4.22215 4.61067 4.9561 5.26127 5.52874 5.7608 5.95947 6.12656 6.26363 6.37204 6.4529 6.50715 6.5355 6.53847 6.51637 6.46931 6.39719 6.2997 6.17629 6.02618 5.84836 5.64153 5.40415 5.13433 4.82992 4.48839 4.10688 3.68216 3.21063 2.6883 2.11085 1.47362 0.771709 0 ;
0 0.81844 1.56618 2.24745 2.86639 3.42694 3.93287 4.38771 4.79474 5.157 5.47729 5.75813 6.00183 6.21044 6.38577 6.52945 6.64285 6.72715 6.78331 6.8121 6.81406 6.78956 6.73872 6.66148 6.55755 6.4264 6.26727 6.07917 5.86083 5.6107 5.32694 5.00741 4.64962 4.25077 3.80769 3.31684 2.77437 2.17606 1.51742 0.793707 0 ;
0 0.840523 1.61008 2.31264 2.95211 3.53224 4.0566 4.5286 4.95142 5.32803 5.66116 5.95334 6.20685 6.42376 6.60592 6.75495 6.87229 6.95915 7.01653 7.04522 7.04584 7.01876 6.96416 6.882 6.77203 6.63375 6.46645 6.26915 6.04062 5.77935 5.48354 5.15109 4.77958 4.36625 3.90801 3.4014 2.84266 2.22765 1.552 0.811048 0 ;
0 0.858976 1.64676 2.36713 3.02376 3.62025 4.16001 4.64634 5.08231 5.47083 5.81458 6.11607 6.37756 6.60114 6.78866 6.94179 7.06198 7.15048 7.20833 7.23637 7.23525 7.20538 7.14699 7.06008 6.94443 6.79961 6.62493 6.41946 6.18202 5.91116 5.60513 5.26191 4.87912 4.4541 3.98382 3.4649 2.89364 2.26599 1.57759 0.823855 0 ;
0 0.874039 1.6767 2.41159 3.08221 3.69201 4.24429 4.74221 5.18877 5.58683 5.93901 6.24779 6.51545 6.74405 6.93547 7.0914 7.21331 7.3025 7.36005 7.38683 7.38353 7.35062 7.28837 7.19683 7.07583 6.92498 6.74365 6.53099 6.28586 6.0069 5.69242 5.34047 4.94879 4.51477 4.03547 3.50761 2.92751 2.29118 1.59428 0.832162 0 ;
0 0.885909 1.70029 2.44659 3.12819 3.7484 4.31041 4.8173 5.27198 5.67725 6.03571 6.3498 6.62179 6.85376 7.04759 7.205 7.32749 7.41639 7.47281 7.49768 7.49172 7.45547 7.38923 7.29312 7.16702 7.0106 6.82331 6.60435 6.35269 6.06701 5.74575 5.38705 4.98873 4.54832 4.06295 3.52943 2.94415 2.30312 1.60194 0.835902 0 ;
0 0.89475 1.71785 2.47261 3.16232 3.79016 4.35923 4.87253 5.33292 5.74313 6.10574 6.42317 6.69768 6.93135 7.12609 7.28363 7.40551 7.49308 7.54751 7.56978 7.56064 7.52068 7.45028 7.34959 7.21858 7.05699 6.86433 6.63989 6.38273 6.09164 5.76517 5.40156 4.99879 4.55447 4.0659 3.52995 2.9431 2.30136 1.60026 0.834894 0 ;
0 0.900697 1.72964 2.49005 3.18509 3.81788 4.39143 4.90867 5.37241 5.78534 6.15 6.4688 6.74401 6.97771 7.17183 7.32812 7.44817 7.53335 7.58489 7.60379 7.59089 7.54681 7.47199 7.36666 7.23086 7.06439 6.86687 6.63767 6.37596 6.08065 5.7504 5.38361 4.9784 4.53256 4.04352 3.50832 2.92351 2.28514 1.58863 0.828811 0 ;
0 0.903857 1.73588 2.4992 3.19692 3.83207 4.4076 4.92636 5.39113 5.80457 6.16919 6.48742 6.76149 6.99353 7.18548 7.33913 7.45607 7.53776 7.58544 7.60018 7.58287 7.53418 7.45464 7.34453 7.20396 7.03284 6.83086 6.59751 6.33207 6.03358 5.70085 5.33245 4.92668 4.48152 3.99462 3.46322 2.88405 2.25322 1.56608 0.817115 0 ;
0 0.904314 1.73673 2.50034 3.19815 3.83313 4.40817 4.9261 5.38962 5.80139 6.16391 6.47959 6.7507 6.97936 7.16756 7.31711 7.42966 7.50669 7.5495 7.55922 7.53678 7.48295 7.39828 7.28316 7.13777 6.96211 6.75597 6.51897 6.25048 5.94972 5.61564 5.24701 4.84234 4.39986 3.9175 3.3928 2.82279 2.20378 1.53113 0.798957 0 ;
0 0.902125 1.73232 2.49363 3.18901 3.82136 4.39353 4.90828 5.36831 5.77623 6.13457 6.44573 6.71201 6.93556 7.11839 7.26236 7.36916 7.44032 7.4772 7.48097 7.45264 7.39303 7.30277 7.18233 7.03197 6.85178 6.64168 6.40137 6.13038 5.82807 5.4936 5.1259 4.72374 4.28568 3.80996 3.29456 2.73702 2.1341 1.48144 0.772961 0 ;
0 0.89732 1.72272 2.47921 3.16969 3.79701 4.36394 4.87322 5.32751 5.72942 6.08149 6.38614 6.6457 6.86235 7.03815 7.17501 7.27465 7.33868 7.36849 7.36533 7.33026 7.26417 7.16777 7.04161 6.88603 6.70123 6.48721 6.24383 5.97073 5.66742 5.33329 4.96745 4.56892 4.13668 3.66928 3.16525 2.62308 2.04024 1.41329 0.736809 0 ;
0 0.889886 1.70793 2.45712 3.14031 3.76024 4.31962 4.82113 5.26744 5.66116 6.00484 6.30095 6.55186 6.75979 6.92685 7.05501 7.14604 7.2016 7.22315 7.212 7.16927 7.09594 6.99276 6.86038 6.69925 6.50961 6.29161 6.04526 5.77027 5.46631 5.1331 4.76976 4.37557 3.95024 3.49231 3.00082 2.47617 1.91651 1.32036 0.686321 0 ;
0 0.879735 1.68786 2.42735 3.10092 3.71116 4.2607 4.75218 5.18825 5.57156 5.9047 6.1902 6.43047 6.6278 6.78436 6.90216 6.98306 7.02875 7.0408 7.02052 6.96913 6.88771 6.77704 6.63782 6.47074 6.27595 6.0537 5.80446 5.52763 5.22299 4.89129 4.53087 4.14098 3.72368 3.27585 2.79614 2.29057 1.75524 1.19092 0.613428 0 ;
0 0.86662 1.66227 2.38979 3.05153 3.64988 4.18733 4.66648 5.09003 5.46066 5.78105 6.05379 6.28137 6.46615 6.61037 6.71612 6.78528 6.81964 6.82087 6.79026 6.7291 6.63875 6.51974 6.37288 6.19952 5.99913 5.77194 5.52016 5.24144 4.93512 4.60628 4.24922 3.86124 3.45479 3.01806 2.54383 2.06087 1.5488 1.00022 0.50174 0 ;
0 0.849883 1.63065 2.3442 2.99217 3.57652 4.09964 4.56414 4.9728 5.32843 5.63377 5.89151 6.10431 6.2745 6.40443 6.4964 6.55215 6.57354 6.56271 6.52046 6.44812 6.34822 6.21997 6.06397 5.88469 5.67827 5.44373 5.19149 4.9113 4.59793 4.27736 3.92606 3.52723 3.14312 2.72443 2.22658 1.78633 1.30462 0.684866 0.318528 0 ;
0 0.827651 1.59201 2.29039 2.92295 3.49131 3.99785 4.44529 4.83658 5.17477 5.46263 5.70302 5.89889 6.05235 6.16586 6.24244 6.28299 6.28936 6.26568 6.21042 6.12435 6.01559 5.8774 5.70764 5.52611 5.31445 5.06189 4.81922 4.54252 4.19586 3.9068 3.57779 3.10551 2.79281 2.43641 1.77786 1.47912 1.12407 0.0414065 0.0126358 0 ;
0 0.822641 1.58094 2.27235 2.89698 3.4565 3.95339 4.39037 4.77049 5.09692 5.37225 5.59936 5.78156 5.92037 6.01813 6.07906 6.10242 6.08947 6.04813 5.9725 5.86095 5.733 5.5706 5.36293 5.1629 4.92351 4.60441 4.35085 4.0477 3.56227 3.28866 2.9548 2.14788 1.92314 1.64773 0.0467153 0.0187699 0.00756853 0.00328641 0.00212117 0 ;
0 0.818645 1.57015 2.25273 2.86687 3.41451 3.89841 4.3213 4.68631 4.99699 5.25542 5.46439 5.62833 5.74717 5.82266 5.86273 5.8622 5.81996 5.75532 5.65076 5.49581 5.34381 5.14686 4.86347 4.64462 4.36829 3.89185 3.64178 3.31706 2.44894 2.24301 1.96609 0.0577529 0.0240949 0.0105774 0.00552461 0.00483113 0.00358097 0.00217215 0.00118377 0 ;
0 0.814771 1.55816 2.22951 2.8299 3.36183 3.82865 4.23284 4.57764 4.86762 5.10343 5.28744 5.42739 5.51903 5.56192 5.57477 5.54103 5.45096 5.35716 5.21212 4.97442 4.79673 4.55414 4.09881 3.87436 3.56384 2.66382 2.47038 2.18901 0.0659929 0.0277813 0.0124342 0.00679916 0.00636297 0.00520602 0.00384864 0.00316904 0.0024149 0.00157269 0.000809855 0 ;
0 0.810157 1.54327 2.2001 2.78248 3.29371 3.73827 4.11779 4.43537 4.69842 4.90396 5.05244 5.16138 5.21585 5.20734 5.18612 5.10658 4.92869 4.80268 4.60435 4.18475 3.99287 3.70507 2.79761 2.61949 2.34005 0.0716336 0.0301919 0.0135445 0.00749611 0.00723769 0.00610985 0.00474725 0.00421207 0.00359035 0.00288156 0.00233949 0.00178402 0.0011867 0.000598936 0 ;
0 0.803802 1.52324 2.16105 2.71968 3.2033 3.61901 3.96587 4.24567 4.4741 4.63884 4.73321 4.80324 4.80704 4.70747 4.64754 4.50777 4.14248 3.99344 3.73973 2.8514 2.69436 2.42507 0.0749539 0.0315251 0.0140712 0.00777095 0.00765241 0.006548 0.00517949 0.00473861 0.00418963 0.00354613 0.00311684 0.00268341 0.00221821 0.00179611 0.00136696 0.000915126 0.000458481 0 ;
0 0.794373 1.49495 2.10749 2.6344 3.08021 3.45874 3.76194 3.98604 4.17086 4.28048 4.28253 4.30716 4.24424 3.95643 3.86386 3.65881 2.82032 2.69236 2.44323 0.0760373 0.0318539 0.0140825 0.00769694 0.00770132 0.00663298 0.00527579 0.00491003 0.00441503 0.00381588 0.00345991 0.0030997 0.00271016 0.00238414 0.00206145 0.00172516 0.00139703 0.00106157 0.000711895 0.000355702 0 ;
0 0.77991 1.45347 2.03218 2.51607 2.90741 3.23843 3.48286 3.61587 3.7483 3.78512 3.60327 3.58445 3.44625 2.69393 2.60543 2.3887 0.0747888 0.0311643 0.0135963 0.00730604 0.00742815 0.00641837 0.00510005 0.00480493 0.00436111 0.00380328 0.00350516 0.0031989 0.00286168 0.00259914 0.0023438 0.00207963 0.00183474 0.00159072 0.00133886 0.00108492 0.000823659 0.000552525 0.000275831 0 ;
0 0.757343 1.39045 1.92352 2.34829 2.65393 2.92573 3.09187 3.05151 3.12812 3.07926 2.45666 2.42065 2.25123 0.0709659 0.0293801 0.0125999 0.00660869 0.00684983 0.00592797 0.00468359 0.00446266 0.0040756 0.00356548 0.00332147 0.00306332 0.00277052 0.00255753 0.00235176 0.00213804 0.00194926 0.00176546 0.00157854 0.00139663 0.00121335 0.00102433 0.000830634 0.000630361 0.000422872 0.000211089 0 ;
0 0.721603 1.29004 1.76131 2.10462 2.25576 2.4575 2.52697 2.08744 2.12021 2.01632 0.0642006 0.0263786 0.0110646 0.00560762 0.00597135 0.0051718 0.0040427 0.00390372 0.0035835 0.0031328 0.00294534 0.00273637 0.00248816 0.00232051 0.00215772 0.00198559 0.00184032 0.0017009 0.00155987 0.00142741 0.00129712 0.00116509 0.00103333 0.000899239 0.000760565 0.000617185 0.000468365 0.000314244 0.000156904 0 ;
0 0.664009 1.1182 1.50491 1.73986 1.55536 1.67937 1.66427 0.0540049 0.0220044 0.00895885 0.00431201 0.00479895 0.00415868 0.00319166 0.00314321 0.00290145 0.00252473 0.00239884 0.00224324 0.0020438 0.00192206 0.00180136 0.00166873 0.00156242 0.00146085 0.00135714 0.0012629 0.00117178 0.0010804 0.000991782 0.000903682 0.000814206 0.000723592 0.000630625 0.000534114 0.000433742 0.000329257 0.000220966 0.0001104 0 ;
0 0.568793 0.789062 1.05164 1.16259 0.0396793 0.0160563 0.00626147 0.00276111 0.00335653 0.00290967 0.00215764 0.00220347 0.00204937 0.00176241 0.00170217 0.00160397 0.00145893 0.00138507 0.00130755 0.0012154 0.00114723 0.00108153 0.0010122 0.000951622 0.000893517 0.000834972 0.000779697 0.000725715 0.000671584 0.000618133 0.000564499 0.000509787 0.000453848 0.000396081 0.000335869 0.000272985 0.000207323 0.000139233 6.95896e-05 0 ;
0 0.401325 0.0195352 0.00809815 0.00296769 0.00109722 0.00170824 0.00147565 0.00101267 0.00112952 0.001062 0.000885488 0.000885566 0.000843784 0.000759945 0.000732963 0.000698168 0.000648556 0.000617931 0.000587126 0.000551681 0.000522925 0.000495223 0.000466381 0.00044007 0.000414615 0.000389002 0.000364312 0.00033998 0.000315487 0.000291029 0.000266301 0.00024095 0.000214853 0.000187757 0.000159408 0.000129681 9.85807e-05 6.62324e-05 3.3151e-05 0 ;
0 0 0 0 0 0 0 0 0 0 0 0 0 0 0 0 0 0 0 0 0 0 0 0 0 0 0 0 0 0 0 0 0 0 0 0 0 0 0 0 0 ;
