200578;
45751.5;
27722.3;
22964.4;
21112.8;
20192.6;
19648;
19280.9;
19007.9;
18789.9;
18606.4;
18446;
18302;
18170;
18047.4;
17932.2;
17823.1;
17719.1;
17619.3;
17523.4;
17430.7;
17341.1;
17254.1;
17169.5;
17087.2;
17006.9;
16928.5;
16851.8;
16776.8;
16703.4;
16631.4;
16560.8;
16491.5;
16423.4;
16356.5;
16290.7;
16226;
16162.3;
16099.6;
16037.8;
15976.9;
15916.9;
15857.8;
15799.4;
15741.8;
15685;
15628.8;
15573.4;
15518.7;
15464.6;
15411.1;
15358.3;
15306;
15254.4;
15203.3;
15152.7;
15102.7;
15053.2;
15004.2;
14955.7;
14907.7;
14860.1;
14813.1;
14766.4;
14720.2;
14674.4;
14629;
14584.1;
14539.5;
14495.3;
14451.5;
14408.1;
14365;
14322.3;
14280;
14237.9;
14196.3;
14154.9;
14113.9;
14073.2;
14032.8;
13992.7;
13952.9;
13913.4;
13874.2;
13835.3;
13796.6;
13758.2;
13720.1;
13682.3;
13644.7;
13607.4;
13570.3;
13533.5;
13496.9;
13460.6;
13424.5;
13388.6;
13353;
13317.6;
13282.4;
13247.4;
13212.6;
13178.1;
13143.8;
13109.6;
13075.7;
13042;
13008.5;
12975.2;
12942;
12909.1;
12876.3;
12843.8;
12811.4;
12779.2;
12747.1;
12715.3;
12683.6;
12652.1;
12620.8;
12589.6;
12558.6;
12527.7;
12497.1;
12466.5;
12436.2;
12406;
12375.9;
12346;
12316.2;
12286.6;
12257.2;
12227.9;
12198.7;
12169.7;
12140.8;
12112;
12083.4;
12055;
12026.6;
11998.4;
11970.3;
11942.4;
11914.6;
11886.9;
11859.3;
11831.9;
11804.6;
11777.4;
11750.3;
11723.3;
11696.5;
11669.8;
11643.2;
11616.7;
11590.4;
11564.1;
11538;
11511.9;
11486;
11460.2;
11434.5;
11408.9;
11383.4;
11358;
11332.7;
11307.5;
11282.5;
11257.5;
11232.6;
11207.8;
11183.2;
11158.6;
11134.1;
11109.7;
11085.4;
11061.2;
11037.1;
11013.1;
10989.2;
10965.4;
10941.7;
10918;
10894.5;
10871;
10847.6;
10824.3;
10801.1;
10778;
10755;
10732;
10709.1;
10686.4;
10663.7;
10641;
10618.5;
10596.1;
10573.7;
10551.4;
10529.2;
10507;
10485;
10463;
10441.1;
10419.2;
10397.5;
10375.8;
10354.2;
10332.7;
10311.2;
10289.8;
10268.5;
10247.2;
10226.1;
10205;
10183.9;
10163;
10142.1;
10121.3;
10100.5;
10079.8;
10059.2;
10038.6;
10018.1;
9997.73;
9977.37;
9957.08;
9936.85;
9916.69;
9896.6;
9876.56;
9856.59;
9836.68;
9816.84;
9797.06;
9777.33;
9757.67;
9738.07;
9718.53;
9699.05;
9679.63;
9660.27;
9640.97;
9621.73;
9602.54;
9583.42;
9564.35;
9545.33;
9526.38;
9507.48;
9488.64;
9469.85;
9451.12;
9432.44;
9413.82;
9395.25;
9376.74;
9358.28;
9339.87;
9321.52;
9303.22;
9284.98;
9266.78;
9248.64;
9230.55;
9212.51;
9194.52;
9176.59;
9158.7;
9140.87;
9123.08;
9105.35;
9087.66;
9070.02;
9052.44;
9034.9;
9017.41;
8999.96;
8982.57;
8965.22;
8947.92;
8930.67;
8913.47;
8896.31;
8879.2;
8862.13;
8845.11;
8828.14;
8811.21;
8794.33;
8777.49;
8760.7;
8743.95;
8727.25;
8710.59;
8693.98;
8677.4;
8660.88;
8644.39;
8627.95;
8611.55;
8595.2;
8578.88;
8562.61;
8546.38;
8530.2;
8514.05;
8497.95;
8481.88;
8465.86;
8449.88;
8433.94;
8418.04;
8402.18;
8386.36;
8370.59;
8354.85;
8339.15;
8323.49;
8307.86;
8292.28;
8276.74;
8261.23;
8245.77;
8230.34;
8214.95;
8199.6;
8184.29;
8169.01;
8153.77;
8138.57;
8123.41;
8108.28;
8093.19;
8078.14;
8063.12;
8048.14;
8033.19;
8018.28;
8003.41;
7988.58;
7973.77;
7959.01;
7944.28;
7929.58;
7914.92;
7900.3;
7885.71;
7871.15;
7856.63;
7842.14;
7827.69;
7813.27;
7798.88;
7784.53;
7770.21;
7755.93;
7741.67;
7727.46;
7713.27;
7699.12;
7685;
7670.91;
7656.86;
7642.83;
7628.84;
7614.89;
7600.96;
7587.07;
7573.2;
7559.37;
7545.57;
7531.81;
7518.07;
7504.37;
7490.69;
7477.05;
7463.43;
7449.85;
7436.3;
7422.78;
7409.29;
7395.83;
7382.4;
7369;
7355.63;
7342.29;
7328.98;
7315.7;
7302.44;
7289.22;
7276.03;
7262.86;
7249.73;
7236.62;
7223.54;
7210.49;
7197.47;
7184.48;
7171.52;
7158.58;
7145.68;
7132.8;
7119.95;
7107.12;
7094.33;
7081.56;
7068.82;
7056.11;
7043.42;
7030.76;
7018.13;
7005.53;
6992.95;
6980.4;
6967.88;
6955.39;
6942.92;
6930.47;
6918.06;
6905.67;
6893.3;
6880.97;
6868.66;
6856.37;
6844.11;
6831.88;
6819.67;
6807.49;
6795.33;
6783.2;
6771.1;
6759.02;
6746.96;
6734.93;
6722.93;
6710.95;
6699;
6687.07;
6675.16;
6663.28;
6651.43;
6639.6;
6627.79;
6616.01;
6604.25;
6592.52;
6580.81;
6569.12;
6557.46;
6545.83;
6534.21;
6522.62;
6511.06;
6499.52;
6488;
6476.5;
6465.03;
6453.58;
6442.16;
6430.76;
6419.38;
6408.02;
6396.69;
6385.38;
6374.1;
6362.83;
6351.59;
6340.37;
6329.18;
6318;
6306.85;
6295.73;
6284.62;
6273.54;
6262.47;
6251.44;
6240.42;
6229.42;
6218.45;
6207.5;
6196.57;
6185.66;
6174.77;
6163.91;
6153.07;
6142.25;
6131.45;
6120.67;
6109.91;
6099.17;
6088.46;
6077.77;
6067.09;
6056.44;
6045.81;
6035.2;
6024.61;
6014.04;
6003.5;
5992.97;
5982.46;
5971.98;
5961.51;
5951.07;
5940.65;
5930.24;
5919.86;
5909.49;
5899.15;
5888.83;
5878.53;
5868.24;
5857.98;
5847.74;
5837.51;
5827.31;
5817.13;
5806.96;
5796.82;
5786.69;
5776.59;
5766.5;
5756.43;
5746.39;
5736.36;
5726.35;
5716.36;
5706.39;
5696.44;
5686.51;
5676.6;
5666.7;
5656.83;
5646.97;
5637.13;
5627.32;
5617.52;
5607.73;
5597.97;
5588.23;
5578.5;
5568.8;
5559.11;
5549.44;
5539.79;
5530.15;
5520.54;
5510.94;
5501.36;
5491.8;
5482.26;
5472.73;
5463.23;
5453.74;
5444.27;
5434.82;
5425.38;
5415.96;
5406.56;
5397.18;
5387.82;
5378.47;
5369.14;
5359.83;
5350.54;
5341.26;
5332;
5322.76;
5313.53;
5304.32;
5295.13;
5285.96;
5276.8;
5267.67;
5258.54;
5249.44;
5240.35;
5231.28;
5222.23;
5213.19;
5204.17;
5195.16;
5186.18;
5177.21;
5168.25;
5159.31;
5150.39;
5141.49;
5132.6;
5123.73;
5114.88;
5106.04;
5097.22;
5088.41;
5079.62;
5070.85;
5062.09;
5053.35;
5044.62;
5035.91;
5027.22;
5018.54;
5009.88;
5001.24;
4992.61;
4984;
4975.4;
4966.82;
4958.25;
4949.7;
4941.16;
4932.65;
4924.14;
4915.65;
4907.18;
4898.72;
4890.28;
4881.86;
4873.45;
4865.05;
4856.67;
4848.31;
4839.96;
4831.62;
4823.3;
4815;
4806.71;
4798.44;
4790.18;
4781.93;
4773.7;
4765.49;
4757.29;
4749.11;
4740.94;
4732.78;
4724.64;
4716.52;
4708.41;
4700.31;
4692.23;
4684.17;
4676.11;
4668.08;
4660.06;
4652.05;
4644.05;
4636.07;
4628.11;
4620.16;
4612.22;
4604.3;
4596.39;
4588.5;
4580.62;
4572.76;
4564.9;
4557.07;
4549.25;
4541.44;
4533.64;
4525.86;
4518.09;
4510.34;
4502.6;
4494.88;
4487.17;
4479.47;
4471.79;
4464.12;
4456.46;
4448.82;
4441.19;
4433.58;
4425.97;
4418.39;
4410.81;
4403.25;
4395.71;
4388.17;
4380.65;
4373.15;
4365.65;
4358.17;
4350.71;
4343.25;
4335.81;
4328.39;
4320.97;
4313.57;
4306.18;
4298.81;
4291.45;
4284.1;
4276.77;
4269.44;
4262.14;
4254.84;
4247.56;
4240.29;
4233.03;
4225.79;
4218.56;
4211.34;
4204.13;
4196.94;
4189.76;
4182.59;
4175.44;
4168.29;
4161.17;
4154.05;
4146.94;
4139.85;
4132.77;
4125.71;
4118.65;
4111.61;
4104.58;
4097.57;
4090.56;
4083.57;
4076.59;
4069.62;
4062.67;
4055.73;
4048.79;
4041.88;
4034.97;
4028.08;
4021.2;
4014.33;
4007.47;
4000.62;
3993.79;
3986.97;
3980.16;
3973.36;
3966.58;
3959.8;
3953.04;
3946.29;
3939.55;
3932.83;
3926.11;
3919.41;
3912.72;
3906.04;
3899.37;
3892.72;
3886.07;
3879.44;
3872.82;
3866.21;
3859.62;
3853.03;
3846.46;
3839.89;
3833.34;
3826.8;
3820.27;
3813.76;
3807.25;
3800.76;
3794.28;
3787.8;
3781.34;
3774.9;
3768.46;
3762.03;
3755.62;
3749.21;
3742.82;
3736.44;
3730.07;
3723.71;
3717.36;
3711.03;
3704.7;
3698.38;
3692.08;
3685.79;
3679.51;
3673.24;
3666.98;
3660.73;
3654.49;
3648.26;
3642.04;
3635.84;
3629.64;
3623.46;
3617.29;
3611.12;
3604.97;
3598.83;
3592.7;
3586.58;
3580.47;
3574.37;
3568.29;
3562.21;
3556.14;
3550.09;
3544.04;
3538.01;
3531.98;
3525.97;
3519.96;
3513.97;
3507.99;
3502.01;
3496.05;
3490.1;
3484.16;
3478.23;
3472.31;
3466.4;
3460.5;
3454.61;
3448.73;
3442.86;
3437;
3431.15;
3425.31;
3419.48;
3413.66;
3407.85;
3402.05;
3396.26;
3390.49;
3384.72;
3378.96;
3373.21;
3367.47;
3361.74;
3356.02;
3350.31;
3344.61;
3338.93;
3333.25;
3327.58;
3321.92;
3316.27;
3310.63;
3305;
3299.37;
3293.76;
3288.16;
3282.57;
3276.99;
3271.42;
3265.85;
3260.3;
3254.76;
3249.22;
3243.7;
3238.18;
3232.68;
3227.18;
3221.69;
3216.22;
3210.75;
3205.29;
3199.84;
3194.4;
3188.97;
3183.55;
3178.14;
3172.74;
3167.35;
3161.96;
3156.59;
3151.23;
3145.87;
3140.52;
3135.19;
3129.86;
3124.54;
3119.23;
3113.93;
3108.64;
3103.36;
3098.08;
3092.82;
3087.57;
3082.32;
3077.08;
3071.85;
3066.64;
3061.43;
3056.23;
3051.03;
3045.85;
3040.68;
3035.51;
3030.35;
3025.21;
3020.07;
3014.94;
3009.82;
3004.71;
2999.6;
2994.51;
2989.42;
2984.35;
2979.28;
2974.22;
2969.17;
2964.12;
2959.09;
2954.07;
2949.05;
2944.04;
2939.04;
2934.05;
2929.07;
2924.1;
2919.13;
2914.18;
2909.23;
2904.29;
2899.36;
2894.43;
2889.52;
2884.61;
2879.72;
2874.83;
2869.95;
2865.08;
2860.21;
2855.36;
2850.51;
2845.67;
2840.84;
2836.02;
2831.21;
2826.4;
2821.6;
2816.81;
2812.03;
2807.26;
2802.5;
2797.74;
2792.99;
2788.25;
2783.52;
2778.8;
2774.08;
2769.37;
2764.67;
2759.98;
2755.3;
2750.62;
2745.95;
2741.29;
2736.64;
2732;
2727.36;
2722.74;
2718.12;
2713.5;
2708.9;
2704.3;
2699.72;
2695.14;
2690.56;
2686;
2681.44;
2676.89;
2672.35;
2667.82;
2663.29;
2658.77;
2654.26;
2649.76;
2645.27;
2640.78;
2636.3;
2631.83;
2627.36;
2622.91;
2618.46;
2614.01;
2609.58;
2605.15;
2600.74;
2596.32;
2591.92;
2587.53;
2583.14;
2578.76;
2574.38;
2570.02;
2565.66;
2561.31;
2556.96;
2552.63;
2548.3;
2543.98;
2539.66;
2535.35;
2531.05;
2526.76;
2522.48;
2518.2;
2513.93;
2509.67;
2505.41;
2501.16;
2496.92;
2492.69;
2488.46;
2484.24;
2480.03;
2475.82;
2471.63;
2467.44;
2463.25;
2459.08;
2454.91;
2450.74;
2446.59;
2442.44;
2438.3;
2434.17;
2430.04;
2425.92;
2421.81;
2417.7;
2413.6;
2409.51;
2405.43;
2401.35;
2397.28;
2393.21;
2389.16;
2385.11;
2381.06;
2377.03;
2373;
2368.98;
2364.96;
2360.95;
2356.95;
2352.95;
2348.97;
2344.98;
2341.01;
2337.04;
2333.08;
2329.13;
2325.18;
2321.24;
2317.3;
2313.38;
2309.45;
2305.54;
2301.63;
2297.73;
2293.84;
2289.95;
2286.07;
2282.19;
2278.33;
2274.47;
2270.61;
2266.76;
2262.92;
2259.09;
2255.26;
2251.44;
2247.62;
2243.81;
2240.01;
2236.21;
2232.42;
2228.64;
2224.86;
2221.09;
2217.33;
2213.57;
2209.82;
2206.08;
2202.34;
2198.61;
2194.88;
2191.16;
2187.45;
2183.74;
2180.04;
2176.35;
2172.66;
2168.98;
2165.3;
2161.64;
2157.97;
2154.32;
2150.67;
2147.02;
2143.39;
2139.75;
2136.13;
2132.51;
2128.9;
2125.29;
2121.69;
2118.09;
2114.51;
2110.92;
2107.35;
2103.78;
2100.21;
2096.65;
2093.1;
2089.56;
2086.02;
2082.48;
2078.95;
2075.43;
2071.92;
2068.41;
2064.9;
2061.4;
2057.91;
2054.43;
2050.95;
2047.47;
2044;
2040.54;
2037.08;
2033.63;
2030.19;
2026.75;
2023.32;
2019.89;
2016.47;
2013.05;
2009.64;
2006.24;
2002.84;
1999.45;
1996.06;
1992.68;
1989.3;
1985.93;
1982.57;
1979.21;
1975.86;
1972.51;
1969.17;
1965.84;
1962.51;
1959.18;
1955.86;
1952.55;
1949.24;
1945.94;
1942.65;
1939.36;
1936.07;
1932.79;
1929.52;
1926.25;
1922.99;
1919.73;
1916.48;
1913.23;
1909.99;
1906.76;
1903.53;
1900.31;
1897.09;
1893.87;
1890.67;
1887.46;
1884.27;
1881.08;
1877.89;
1874.71;
1871.54;
1868.37;
1865.2;
1862.04;
1858.89;
1855.74;
1852.6;
1849.46;
1846.33;
1843.2;
1840.08;
1836.97;
1833.85;
1830.75;
1827.65;
1824.55;
1821.46;
1818.38;
1815.3;
1812.23;
1809.16;
1806.09;
1803.04;
1799.98;
1796.93;
1793.89;
1790.85;
1787.82;
1784.79;
1781.77;
1778.75;
1775.74;
1772.73;
1769.73;
1766.74;
1763.74;
1760.76;
1757.78;
1754.8;
1751.83;
1748.86;
1745.9;
1742.94;
1739.99;
1737.05;
1734.11;
1731.17;
1728.24;
1725.31;
1722.39;
1719.47;
1716.56;
1713.66;
1710.75;
1707.86;
1704.97;
1702.08;
1699.2;
1696.32;
1693.45;
1690.58;
1687.72;
1684.86;
1682.01;
1679.16;
1676.32;
1673.48;
1670.65;
1667.82;
1664.99;
1662.17;
1659.36;
1656.55;
1653.75;
1650.95;
1648.15;
1645.36;
1642.57;
1639.79;
1637.02;
1634.25;
1631.48;
1628.72;
1625.96;
1623.21;
1620.46;
1617.71;
1614.98;
1612.24;
1609.51;
1606.79;
1604.07;
1601.35;
1598.64;
1595.93;
1593.23;
1590.53;
1587.84;
1585.15;
1582.47;
1579.79;
1577.12;
1574.45;
1571.78;
1569.12;
1566.46;
1563.81;
1561.16;
1558.52;
1555.88;
1553.25;
1550.62;
1547.99;
1545.37;
1542.76;
1540.15;
1537.54;
1534.94;
1532.34;
1529.74;
1527.15;
1524.57;
1521.99;
1519.41;
1516.84;
1514.27;
1511.71;
1509.15;
1506.59;
1504.04;
1501.5;
1498.95;
1496.42;
1493.88;
1491.36;
1488.83;
1486.31;
1483.79;
1481.28;
1478.77;
1476.27;
1473.77;
1471.28;
1468.79;
1466.3;
1463.82;
1461.34;
1458.87;
1456.4;
1453.93;
1451.47;
1449.01;
1446.56;
1444.11;
1441.67;
1439.23;
1436.79;
1434.36;
1431.93;
1429.51;
1427.09;
1424.67;
1422.26;
1419.85;
1417.45;
1415.05;
1412.65;
1410.26;
1407.88;
1405.49;
1403.11;
1400.74;
1398.37;
1396;
1393.64;
1391.28;
1388.92;
1386.57;
1384.23;
1381.88;
1379.54;
1377.21;
1374.88;
1372.55;
1370.23;
1367.91;
1365.59;
1363.28;
1360.97;
1358.67;
1356.37;
1354.07;
1351.78;
1349.49;
1347.21;
1344.93;
1342.65;
1340.38;
1338.11;
1335.85;
1333.59;
1331.33;
1329.07;
1326.82;
1324.58;
1322.34;
1320.1;
1317.86;
1315.63;
1313.41;
1311.18;
1308.96;
1306.75;
1304.54;
1302.33;
1300.12;
1297.92;
1295.73;
1293.53;
1291.34;
1289.16;
1286.98;
1284.8;
1282.62;
1280.45;
1278.29;
1276.12;
1273.96;
1271.81;
1269.65;
1267.5;
1265.36;
1263.22;
1261.08;
1258.95;
1256.81;
1254.69;
1252.56;
1250.44;
1248.33;
1246.21;
1244.11;
1242;
1239.9;
1237.8;
1235.7;
1233.61;
1231.52;
1229.44;
1227.36;
1225.28;
1223.21;
1221.14;
1219.07;
1217.01;
1214.95;
1212.89;
1210.84;
1208.79;
1206.74;
1204.7;
1202.66;
1200.63;
1198.59;
1196.57;
1194.54;
1192.52;
1190.5;
1188.49;
1186.47;
1184.47;
1182.46;
1180.46;
1178.46;
1176.47;
1174.48;
1172.49;
1170.51;
1168.52;
1166.55;
1164.57;
1162.6;
1160.63;
1158.67;
1156.71;
1154.75;
1152.8;
1150.85;
1148.9;
1146.95;
1145.01;
1143.07;
1141.14;
1140.93
