92438.4;
23748.4;
11276.7;
7661.87;
6238.18;
5552.47;
5171.27;
4934.72;
4774.45;
4657.79;
4567.76;
4494.91;
4433.68;
4380.62;
4333.52;
4290.91;
4251.77;
4215.4;
4181.26;
4148.97;
4118.25;
4088.86;
4060.64;
4033.43;
4007.13;
3981.64;
3956.88;
3932.8;
3909.32;
3886.42;
3864.03;
3842.14;
3820.7;
3799.69;
3779.08;
3758.86;
3738.99;
3719.47;
3700.28;
3681.4;
3662.82;
3644.52;
3626.5;
3608.74;
3591.23;
3573.96;
3556.93;
3540.12;
3523.54;
3507.16;
3490.99;
3475.02;
3459.24;
3443.64;
3428.23;
3412.99;
3397.92;
3383.02;
3368.28;
3353.69;
3339.26;
3324.98;
3310.85;
3296.86;
3283;
3269.28;
3255.7;
3242.24;
3228.91;
3215.7;
3202.61;
3189.65;
3176.79;
3164.05;
3151.43;
3138.91;
3126.5;
3114.19;
3101.98;
3089.88;
3077.87;
3065.96;
3054.15;
3042.43;
3030.8;
3019.26;
3007.81;
2996.45;
2985.17;
2973.97;
2962.86;
2951.83;
2940.88;
2930.01;
2919.22;
2908.5;
2897.85;
2887.29;
2876.79;
2866.36;
2856.01;
2845.72;
2835.51;
2825.36;
2815.28;
2805.26;
2795.31;
2785.42;
2775.59;
2765.83;
2756.12;
2746.48;
2736.9;
2727.37;
2717.91;
2708.5;
2699.15;
2689.85;
2680.61;
2671.42;
2662.28;
2653.2;
2644.18;
2635.2;
2626.27;
2617.4;
2608.57;
2599.79;
2591.07;
2582.39;
2573.76;
2565.17;
2556.63;
2548.14;
2539.7;
2531.29;
2522.94;
2514.62;
2506.35;
2498.13;
2489.94;
2481.8;
2473.7;
2465.64;
2457.63;
2449.65;
2441.71;
2433.82;
2425.96;
2418.14;
2410.36;
2402.62;
2394.91;
2387.24;
2379.61;
2372.02;
2364.46;
2356.94;
2349.45;
2342;
2334.59;
2327.21;
2319.86;
2312.55;
2305.27;
2298.02;
2290.81;
2283.63;
2276.48;
2269.37;
2262.29;
2255.23;
2248.21;
2241.23;
2234.27;
2227.34;
2220.44;
2213.58;
2206.74;
2199.93;
2193.16;
2186.41;
2179.69;
2173;
2166.33;
2159.7;
2153.09;
2146.51;
2139.96;
2133.44;
2126.94;
2120.47;
2114.03;
2107.61;
2101.22;
2094.86;
2088.52;
2082.21;
2075.92;
2069.66;
2063.43;
2057.21;
2051.03;
2044.87;
2038.73;
2032.61;
2026.53;
2020.46;
2014.42;
2008.4;
2002.41;
1996.44;
1990.49;
1984.56;
1978.66;
1972.78;
1966.92;
1961.09;
1955.28;
1949.49;
1943.72;
1937.97;
1932.25;
1926.54;
1920.86;
1915.2;
1909.56;
1903.94;
1898.34;
1892.76;
1887.21;
1881.67;
1876.15;
1870.66;
1865.18;
1859.72;
1854.29;
1848.87;
1843.47;
1838.09;
1832.73;
1827.39;
1822.07;
1816.77;
1811.49;
1806.23;
1800.98;
1795.75;
1790.55;
1785.36;
1780.18;
1775.03;
1769.89;
1764.78;
1759.68;
1754.59;
1749.53;
1744.48;
1739.45;
1734.44;
1729.44;
1724.47;
1719.5;
1714.56;
1709.63;
1704.72;
1699.83;
1694.95;
1690.09;
1685.25;
1680.42;
1675.61;
1670.81;
1666.03;
1661.27;
1656.52;
1651.79;
1647.07;
1642.37;
1637.69;
1633.02;
1628.36;
1623.72;
1619.1;
1614.49;
1609.9;
1605.32;
1600.76;
1596.21;
1591.68;
1587.16;
1582.65;
1578.16;
1573.69;
1569.23;
1564.78;
1560.35;
1555.93;
1551.53;
1547.14;
1542.77;
1538.41;
1534.06;
1529.73;
1525.41;
1521.1;
1516.81;
1512.53;
1508.27;
1504.02;
1499.78;
1495.55;
1491.34;
1487.15;
1482.96;
1478.79;
1474.63;
1470.49;
1466.35;
1462.23;
1458.13;
1454.03;
1449.95;
1445.88;
1441.83;
1437.78;
1433.75;
1429.74;
1425.73;
1421.74;
1417.76;
1413.79;
1409.83;
1405.89;
1401.95;
1398.03;
1394.12;
1390.23;
1386.34;
1382.47;
1378.61;
1374.76;
1370.92;
1367.1;
1363.29;
1359.48;
1355.69;
1351.91;
1348.14;
1344.39;
1340.64;
1336.91;
1333.19;
1329.48;
1325.77;
1322.09;
1318.41;
1314.74;
1311.08;
1307.44;
1303.81;
1300.18;
1296.57;
1292.97;
1289.38;
1285.8;
1282.23;
1278.67;
1275.12;
1271.58;
1268.05;
1264.54;
1261.03;
1257.54;
1254.05;
1250.57;
1247.11;
1243.65;
1240.21;
1236.77;
1233.35;
1229.94;
1226.53;
1223.14;
1219.75;
1216.38;
1213.01;
1209.66;
1206.31;
1202.98;
1199.65;
1196.34;
1193.03;
1189.74;
1186.45;
1183.17;
1179.91;
1176.65;
1173.4;
1170.16;
1166.93;
1163.71;
1160.5;
1157.3;
1154.11;
1150.92;
1147.75;
1144.58;
1141.43;
1138.28;
1135.15;
1132.02;
1128.9;
1125.79;
1122.69;
1119.59;
1116.51;
1113.44;
1110.37;
1107.31;
1104.27;
1101.23;
1098.2;
1095.17;
1092.16;
1089.16;
1086.16;
1083.17;
1080.19;
1077.22;
1074.26;
1071.31;
1068.36;
1065.43;
1062.5;
1059.58;
1056.67;
1053.77;
1050.87;
1047.98;
1045.11;
1042.24;
1039.37;
1036.52;
1033.67;
1030.84;
1028.01;
1025.19;
1022.37;
1019.57;
1016.77;
1013.98;
1011.2;
1008.42;
1005.66;
1002.9;
1000.15;
997.407;
994.672;
991.945;
989.226;
986.514;
983.81;
981.114;
978.425;
975.744;
973.07;
970.404;
967.745;
965.094;
962.45;
959.814;
957.185;
954.564;
951.95;
949.343;
946.744;
944.152;
941.567;
938.99;
936.419;
933.856;
931.301;
928.752;
926.21;
923.676;
921.149;
918.628;
916.115;
913.609;
911.11;
908.618;
906.133;
903.654;
901.183;
898.719;
896.261;
893.811;
891.367;
888.93;
886.5;
884.076;
881.66;
879.25;
876.847;
874.451;
872.061;
869.678;
867.301;
864.931;
862.568;
860.212;
857.862;
855.518;
853.181;
850.851;
848.527;
846.209;
843.898;
841.593;
839.295;
837.003;
834.718;
832.438;
830.166;
827.899;
825.639;
823.385;
821.137;
818.896;
816.66;
814.431;
812.209;
809.992;
807.781;
805.577;
803.379;
801.186;
799;
796.82;
794.646;
792.478;
790.316;
788.16;
786.01;
783.866;
781.727;
779.595;
777.469;
775.348;
773.234;
771.125;
769.022;
766.925;
764.833;
762.748;
760.668;
758.594;
756.525;
754.463;
752.406;
750.354;
748.309;
746.269;
744.234;
742.206;
740.183;
738.165;
736.153;
734.147;
732.146;
730.15;
728.16;
726.176;
724.197;
722.223;
720.255;
718.293;
716.335;
714.384;
712.437;
710.496;
708.56;
706.63;
704.705;
702.785;
700.87;
698.961;
697.057;
695.158;
693.265;
691.376;
689.493;
687.615;
685.742;
683.874;
682.012;
680.154;
678.302;
676.455;
674.613;
672.776;
670.944;
669.117;
667.294;
665.477;
663.665;
661.858;
660.056;
658.259;
656.467;
654.68;
652.897;
651.12;
649.347;
647.579;
645.816;
644.058;
642.305;
640.557;
638.813;
637.074;
635.34;
633.611;
631.886;
630.166;
628.451;
626.741;
625.035;
623.334;
621.637;
619.946;
618.258;
616.576;
614.898;
613.225;
611.556;
609.892;
608.232;
606.577;
604.926;
603.28;
601.639;
600.002;
598.369;
596.741;
595.118;
593.498;
591.884;
590.273;
588.667;
587.066;
585.469;
583.876;
582.287;
580.703;
579.124;
577.548;
575.977;
574.41;
572.848;
571.289;
569.735;
568.186;
566.64;
565.099;
563.562;
562.029;
560.5;
558.976;
557.455;
555.939;
554.427;
552.919;
551.415;
549.916;
548.42;
546.929;
545.441;
543.958;
542.478;
541.003;
539.532;
538.065;
536.602;
535.142;
533.687;
532.236;
530.788;
529.345;
527.906;
526.47;
525.039;
523.611;
522.187;
520.767;
519.351;
517.939;
516.531;
515.127;
513.726;
512.329;
510.936;
509.547;
508.162;
506.78;
505.402;
504.028;
502.658;
501.291;
499.928;
498.569;
497.214;
495.862;
494.514;
493.17;
491.829;
490.492;
489.158;
487.829;
486.503;
485.18;
483.861;
482.546;
481.234;
479.926;
478.621;
477.32;
476.023;
474.729;
473.438;
472.151;
470.868;
469.588;
468.312;
467.039;
465.769;
464.503;
463.241;
461.982;
460.726;
459.474;
458.225;
456.979;
455.737;
454.499;
453.263;
452.032;
450.803;
449.578;
448.356;
447.137;
445.922;
444.71;
443.502;
442.296;
441.094;
439.895;
438.7;
437.508;
436.319;
435.133;
433.95;
432.771;
431.595;
430.422;
429.252;
428.086;
426.922;
425.762;
424.605;
423.451;
422.301;
421.153;
420.009;
418.867;
417.729;
416.594;
415.462;
414.333;
413.207;
412.084;
410.964;
409.847;
408.734;
407.623;
406.515;
405.411;
404.309;
403.211;
402.115;
401.022;
399.933;
398.846;
397.762;
396.681;
395.604;
394.529;
393.457;
392.388;
391.321;
390.258;
389.198;
388.14;
387.086;
386.034;
384.985;
383.939;
382.896;
381.856;
380.818;
379.783;
378.751;
377.722;
376.696;
375.673;
374.652;
373.634;
372.619;
371.607;
370.597;
369.59;
368.586;
367.585;
366.586;
365.59;
364.597;
363.606;
362.618;
361.633;
360.651;
359.671;
358.694;
357.719;
356.747;
355.778;
354.811;
353.847;
352.886;
351.927;
350.971;
350.018;
349.067;
348.119;
347.173;
346.23;
345.289;
344.351;
343.416;
342.483;
341.552;
340.624;
339.699;
338.776;
337.856;
336.938;
336.023;
335.11;
334.199;
333.292;
332.386;
331.483;
330.583;
329.685;
328.789;
327.896;
327.005;
326.117;
325.231;
324.347;
323.466;
322.588;
321.711;
320.837;
319.966;
319.097;
318.23;
317.365;
316.503;
315.643;
314.786;
313.931;
313.078;
312.228;
311.38;
310.534;
309.69;
308.849;
308.01;
307.173;
306.339;
305.507;
304.677;
303.849;
303.024;
302.201;
301.38;
300.561;
299.745;
298.931;
298.119;
297.309;
296.501;
295.696;
294.893;
294.092;
293.293;
292.496;
291.702;
290.909;
290.119;
289.331;
288.545;
287.761;
286.98;
286.2;
285.423;
284.647;
283.874;
283.103;
282.334;
281.567;
280.802;
280.04;
279.279;
278.52;
277.764;
277.009;
276.257;
275.507;
274.758;
274.012;
273.268;
272.526;
271.785;
271.047;
270.311;
269.577;
268.844;
268.114;
267.386;
266.66;
265.935;
265.213;
264.493;
263.774;
263.058;
262.343;
261.631;
260.92;
260.211;
259.505;
258.8;
258.097;
257.396;
256.697;
255.999;
255.304;
254.611;
253.919;
253.23;
252.542;
251.856;
251.172;
250.489;
249.809;
249.131;
248.454;
247.779;
247.106;
246.435;
245.766;
245.098;
244.432;
243.769;
243.106;
242.446;
241.788;
241.131;
240.476;
239.823;
239.171;
238.522;
237.874;
237.228;
236.584;
235.941;
235.3;
234.661;
234.024;
233.388;
232.754;
232.122;
231.492;
230.863;
230.236;
229.611;
228.987;
228.365;
227.745;
227.126;
226.509;
225.894;
225.281;
224.669;
224.059;
223.45;
222.843;
222.238;
221.634;
221.032;
220.432;
219.833;
219.236;
218.641;
218.047;
217.455;
216.864;
216.275;
215.688;
215.102;
214.518;
213.935;
213.354;
212.775;
212.197;
211.62;
211.046;
210.473;
209.901;
209.331;
208.762;
208.195;
207.63;
207.066;
206.504;
205.943;
205.383;
204.826;
204.269;
203.714;
203.161;
202.609;
202.059;
201.51;
200.963;
200.417;
199.873;
199.33;
198.789;
198.249;
197.71;
197.173;
196.638;
196.104;
195.571;
195.04;
194.51;
193.982;
193.455;
192.93;
192.406;
191.883;
191.362;
190.843;
190.324;
189.807;
189.292;
188.778;
188.265;
187.754;
187.244;
186.735;
186.228;
185.722;
185.218;
184.715;
184.213;
183.713;
183.214;
182.716;
182.22;
181.725;
181.232;
180.74;
180.249;
179.759;
179.271;
178.784;
178.299;
177.814;
177.331;
176.85;
176.369;
175.89;
175.413;
174.936;
174.461;
173.987;
173.515;
173.044;
172.574;
172.105;
171.638;
171.171;
170.707;
170.243;
169.781;
169.32;
168.86;
168.401;
167.944;
167.488;
167.033;
166.579;
166.127;
165.676;
165.226;
164.777;
164.329;
163.883;
163.438;
162.994;
162.551;
162.11;
161.67;
161.231;
160.793;
160.356;
159.921;
159.486;
159.053;
158.621;
158.19;
157.761;
157.332;
156.905;
156.479;
156.054;
155.63;
155.207;
154.786;
154.366;
153.946;
153.528;
153.111;
152.695;
152.281;
151.867;
151.455;
151.043;
150.633;
150.224;
149.816;
149.409;
149.003;
148.599;
148.195;
147.793;
147.391;
146.991;
146.592;
146.194;
145.797;
145.401;
145.006;
144.612;
144.219;
143.828;
143.437;
143.048;
142.659;
142.272;
141.885;
141.5;
141.116;
140.732;
140.35;
139.969;
139.589;
139.21;
138.832;
138.455;
138.079;
137.704;
137.33;
136.957;
136.585;
136.214;
135.844;
135.475;
135.107;
134.74;
134.374;
134.009;
133.645;
133.282;
132.92;
132.559;
132.199;
131.84;
131.482;
131.125;
130.769;
130.414;
130.06;
129.707;
129.354;
129.003;
128.653;
128.303;
127.955;
127.607;
127.261;
126.915;
126.571;
126.227;
125.884;
125.542;
125.201;
124.861;
124.522;
124.184;
123.847;
123.51;
123.175;
122.84;
122.507;
122.174;
121.842;
121.511;
121.181;
120.852;
120.524;
120.197;
119.87;
119.545;
119.22;
118.896;
118.573;
118.251;
117.93;
117.61;
117.291;
116.972;
116.654;
116.338;
116.022;
115.707;
115.392;
115.079;
114.766;
114.455;
114.144;
113.834;
113.525;
113.216;
112.909;
112.602;
112.297;
111.992;
111.687;
111.384;
111.082;
110.78;
110.479;
110.179;
109.88;
109.581;
109.284;
108.987;
108.691;
108.396;
108.101;
107.808;
107.515;
107.223;
106.932;
106.642;
106.352;
106.063;
105.775;
105.488;
105.201;
104.916;
104.631;
104.347;
104.063;
103.781;
103.499;
103.218;
102.937;
102.658;
102.379;
102.101;
101.824;
101.547;
101.271;
100.996;
100.722;
100.448;
100.176;
99.9037;
99.6323;
99.3618;
99.0919;
98.8228;
98.5544;
98.2868;
98.0199;
97.7537;
97.4882;
97.2234;
96.9594;
96.6961;
96.4335;
96.1716;
95.9104;
95.6499;
95.3902;
95.1311;
94.8728;
94.6151;
94.3582;
94.1019;
93.8463;
93.5915;
93.3373;
93.0838;
92.831;
92.5789;
92.3275;
92.0768;
91.8267;
91.5773;
91.3286;
91.0806;
90.8332;
90.5866;
90.3406;
90.0952;
89.8505;
89.6065;
89.3632;
89.1205;
88.8785;
88.6371;
88.3964;
88.1563;
87.9169;
87.6781;
87.44;
87.2026;
86.9657;
86.7296;
86.494;
86.2591;
86.0249;
85.7912;
85.5583;
85.3259;
85.0942;
84.8631;
84.6326;
84.4028;
84.1736;
83.945;
83.717;
83.4896;
83.2629;
83.0368;
82.8113;
82.5864;
82.3621;
82.1384;
81.9153;
81.6929;
81.471;
81.2498;
81.0291;
80.8091;
80.5896;
80.3707;
80.1525;
79.9348;
79.7177;
79.5012;
79.2853;
79.07;
78.8553;
78.6411;
78.4275;
78.2146;
78.0021;
77.7903;
77.579;
77.3684;
77.1582;
76.9487;
76.7397;
76.5313;
76.3235;
76.1162;
75.9095;
75.7033;
75.4978;
75.2927;
75.0882;
74.8843;
74.681;
74.4781;
74.2759;
74.0742;
73.873;
73.6724;
73.4723;
73.2728;
73.0738;
72.8753;
72.6774;
72.48;
72.2832;
72.0869;
71.8911;
71.6959;
71.5012;
71.307;
71.1134;
70.9202;
70.7276;
70.5356;
70.344;
70.153;
69.9624;
69.7724;
69.583;
69.394;
69.2055;
69.0176;
68.8302;
68.6432;
68.4568;
68.2709;
68.0855;
67.9006;
67.7162;
67.5323;
67.3489;
67.166;
66.9836;
66.8017;
66.6203;
66.4393;
66.2589;
66.079;
65.8995;
65.7205;
65.5421;
65.3641;
65.1865;
65.0095;
64.833;
64.6569;
64.4813;
64.3062;
64.1316;
63.9574;
63.7837;
63.6105;
63.4377;
63.2654;
63.0936;
62.9223;
62.7514;
62.581;
62.411;
62.2415;
62.0725;
61.9039;
61.7358;
61.5682;
61.401;
61.2342;
61.0679;
60.9021;
60.7367;
60.5717;
60.4072;
60.2432;
60.0796;
59.9164;
59.7537;
59.5914;
59.4296;
59.2682;
59.1072;
58.9467;
58.7866;
58.627;
58.4678;
58.309;
58.1506;
57.9927;
57.8352;
57.6781;
57.5215;
57.3653;
57.2095;
57.0541;
56.8992;
56.7447;
56.5906;
56.4369;
56.2836;
56.1308;
55.9783;
55.8263;
55.6747;
55.5235;
55.3727;
55.2223;
55.0724;
54.9228;
54.7736;
54.6249;
54.4765;
54.3286;
54.1811;
54.0339;
53.8872;
53.7408;
53.5949;
53.4493;
53.3042;
53.1594;
53.0151;
52.8711;
52.7275;
52.5843;
52.4415;
52.2991;
52.157;
52.0154;
51.8741;
51.7333;
51.5928;
51.4527;
51.3129;
51.1736;
51.0346;
50.896;
50.7578;
50.6199;
50.4825;
50.3454;
50.2086;
50.0723;
49.9363;
49.8007;
49.6654;
49.5306;
49.3961;
49.2619;
49.1281;
48.9947;
48.8616;
48.729;
48.5966;
48.4646;
48.333;
48.2018;
48.0709;
47.9403;
47.8101;
47.6803;
47.5508;
47.4217;
47.2929;
47.1644;
47.0364;
46.9086;
46.7812;
46.6542;
46.5275;
46.4011;
46.2751;
46.1494;
46.0241;
45.8991;
45.7745;
45.6502;
45.5262;
45.4025;
45.2792;
45.1563;
45.0336;
44.9113;
44.7894;
44.6677;
44.5464;
44.4255;
44.3048;
44.1845;
44.0645;
43.9448;
43.8255;
43.7065;
43.5878;
43.4694;
43.3513;
43.2336;
43.1162;
42.9991;
42.8823;
42.7659;
42.6497;
42.5339;
42.4184;
42.3032;
42.1883;
42.0737;
41.9595;
41.8455;
41.7319;
41.6186;
41.5055;
41.3928;
41.2804;
41.1683;
41.0565;
40.945;
40.8338;
40.7229;
40.6123;
40.502;
40.392;
40.2823;
40.1729;
40.0638;
39.955;
39.8465;
39.7383;
39.6304;
39.5228;
39.4154;
39.3084;
39.2016;
39.0952;
38.989;
38.8831;
38.7775;
38.6722;
38.5672;
38.4625;
38.358;
38.2538;
38.1499;
38.0463;
37.943;
37.84;
37.7372;
37.6347;
37.5325;
37.4306;
37.3289;
37.2276;
37.1265;
37.0256;
36.9251;
36.8248;
36.7248;
36.6251;
36.5256;
36.4264;
36.3275;
36.2288;
36.1304;
36.0323;
35.9345;
35.8369;
35.7396;
35.6425;
35.5457;
35.4492;
35.3529;
35.2569;
35.1611;
35.0656;
34.9704;
34.8754;
34.7807;
34.6863;
34.5921;
34.4981;
34.4044;
34.311;
34.2178;
34.1249;
34.0322;
33.9398;
33.8476;
33.7557;
33.664;
33.5726;
33.4815;
33.3905;
33.2998;
33.2094;
33.1192;
33.0293;
32.9396;
32.8501;
32.7609;
32.6719;
32.5832;
32.4947;
32.4065;
32.3185;
32.2307;
32.1432;
32.0559;
31.9688;
31.882;
31.7954;
31.7091;
31.623;
31.5371;
31.4514;
31.366;
31.2808;
31.1959;
31.1112;
31.0267;
30.9424;
30.8584;
30.7746;
30.691;
30.6077;
30.5245;
30.4416;
30.359;
30.2765;
30.1943;
30.1123;
30.0305;
29.949;
29.8676;
29.7865;
29.7056;
29.625;
29.5445;
29.4643;
29.3842;
29.3044;
29.2249;
29.1455;
29.0663;
28.9874;
28.9087;
28.8302;
28.7519;
28.6738;
28.5959;
28.5183;
28.4408;
28.3636;
28.2866;
28.2097;
28.1331;
28.0567;
27.9805;
27.9045;
27.8288;
27.7532;
27.6778;
27.6027;
27.5277;
27.4529;
27.3784;
27.304;
27.2299;
27.1559;
27.0822;
27.0086;
26.9353;
26.8621;
26.7892;
26.7164;
26.6439;
26.5715;
26.4994;
26.4274;
26.3556;
26.284;
26.2127;
26.1415;
26.0705;
25.9997;
25.9291;
25.8587;
25.7884;
25.7184;
25.6486;
25.5789;
25.5094;
25.4402;
25.3711;
25.3022;
25.2335;
25.1649;
25.0966;
25.0284;
24.9605;
24.8927;
24.8251;
24.7577;
24.6904;
24.6234;
24.5565;
24.4898;
24.4233;
24.357;
24.2908;
24.2249;
24.1591;
24.0935;
24.028;
23.9628;
23.8977;
23.8328;
23.7681;
23.7035;
23.6392;
23.575;
23.5109;
23.4471;
23.3834;
23.3199;
23.2566;
23.1934;
23.1304;
23.0676;
23.005;
22.9425;
22.8802;
22.818;
22.7561;
22.6943;
22.6326;
22.5712;
22.5099;
22.4488;
22.3878;
22.327;
22.2664;
22.2059;
22.1456;
22.0854;
22.0255;
21.9656;
21.906;
21.8465;
21.7872;
21.728;
21.669;
21.6101;
21.5515;
21.4929;
21.4346;
21.3764;
21.3183;
21.2604;
21.2027;
21.1451;
21.0877;
21.0304;
20.9733;
20.9163;
20.8595;
20.8029;
20.7464;
20.69;
20.6338;
20.5778;
20.5219;
20.4662;
20.4106;
20.3552;
20.2999;
20.2448;
20.1898;
20.135;
20.0803;
20.0257;
19.9714;
19.9171;
19.863;
19.8091;
19.7553;
19.7016;
19.6481;
19.5948;
19.5416;
19.4885;
19.4356;
19.3828;
19.3302;
19.2777;
19.2253;
19.1731;
19.121;
19.0691;
19.0173;
18.9657;
18.9142;
18.8628;
18.8116;
18.7605;
18.7095;
18.6587;
18.6081;
18.5575;
18.5071;
18.4569;
18.4067;
18.3567;
18.3069;
18.2572;
18.2076;
18.1581;
18.1088;
18.0597;
18.0106;
17.9617;
17.9129;
17.8643;
17.8158;
17.7674;
17.7191;
17.671;
17.623;
17.5752;
17.5274;
17.4798;
17.4324;
17.385;
17.3378;
17.2907;
17.2438;
17.1969;
17.1502;
17.1037;
17.0572;
17.0109;
16.9647;
16.9186;
16.8727;
16.8268;
16.7811;
16.7356;
16.6901;
16.6448;
16.5996;
16.5545;
16.5096;
16.4647;
16.42;
16.3754;
16.3309;
16.2866;
16.2424;
16.1983;
16.1543;
16.1104;
16.0666;
16.023;
15.9795;
15.9361;
15.8928;
15.8497;
15.8066;
15.7637;
15.7209;
15.6782;
15.6356;
15.5931;
15.5508;
15.5086;
15.4664;
15.4244;
15.3826;
15.3408;
15.2991;
15.2576;
15.2161;
15.1748;
15.1336;
15.0925;
15.0515;
15.0106;
14.9699;
14.9292;
14.8887;
14.8482;
14.8079;
14.7677;
14.7276;
14.6876;
14.6477;
14.6079;
14.5683;
14.5287;
14.4892;
14.4499;
14.4107;
14.3715;
14.3325;
14.2936;
14.2547;
14.216;
14.1774;
14.1389;
14.1005;
14.0622;
14.024;
13.986;
13.948;
13.9101;
13.8723;
13.8346;
13.7971;
13.7596;
13.7222;
13.685;
13.6478;
13.6107;
13.5738;
13.5369;
13.5002;
13.4635;
13.4269;
13.3905;
13.3541;
13.3178;
13.2817;
13.2456;
13.2096;
13.1738;
13.138;
13.1023;
13.0667;
13.0312;
12.9958;
12.9605;
12.9254;
12.8902;
12.8552;
12.8203;
12.7855;
12.7508;
12.7162;
12.6816;
12.6472;
12.6128;
12.5786;
12.5444;
12.5104;
12.4764;
12.4425;
12.4087;
12.375;
12.3414;
12.3079;
12.2745;
12.2411;
12.2079;
12.1747;
12.1417;
12.1087;
12.0758;
12.043;
12.0103;
11.9777;
11.9452;
11.9127;
11.8804;
11.8481;
11.8159;
11.7838;
11.7518;
11.7199;
11.6881;
11.6564;
11.6247;
11.5931;
11.5617;
11.5303;
11.4989;
11.4677;
11.4366;
11.4055;
11.3745;
11.3436;
11.3128;
11.2821;
11.2515;
11.2209;
11.1904;
11.1601;
11.1298;
11.0995;
11.0694;
11.0393;
11.0093;
10.9794;
10.9496;
10.9199;
10.8902;
10.8607;
10.8312;
10.8017;
10.7724;
10.7432;
10.714;
10.6849;
10.6559;
10.6269;
10.5981;
10.5693;
10.5406;
10.512;
10.4834;
10.4549;
10.4266;
10.3982;
10.37;
10.3418;
10.3137;
10.2857;
10.2578;
10.2299;
10.2022;
10.1745;
10.1468;
10.1193;
10.0918;
10.0644;
10.0371;
10.0098;
9.98261;
9.9555;
9.92846;
9.9015;
9.87461;
9.84779;
9.82105;
9.79438;
9.76778;
9.74125;
9.7148;
9.68841;
9.6621;
9.63586;
9.6097;
9.5836;
9.55757;
9.53162;
9.50573;
9.47992;
9.45417;
9.4285;
9.40289;
9.37735;
9.35189;
9.32649;
9.30116;
9.2759;
9.25071;
9.22559;
9.20053;
9.17555;
9.15063;
9.12578;
9.101;
9.07628;
9.05163;
9.02705;
9.00253;
8.97809;
8.9537;
8.92939;
8.90514;
8.88095;
8.85684;
8.83278;
8.8088;
8.78487;
8.76102;
8.73722;
8.7135;
8.68983;
8.66623;
8.6427;
8.61923;
8.59582;
8.57247;
8.54919;
8.52598;
8.50282;
8.47973;
8.4567;
8.43374;
8.41083;
8.38799;
8.36521;
8.34249;
8.31984;
8.29724;
8.27471;
8.25224;
8.22983;
8.20748;
8.18519;
8.16296;
8.14079;
8.11868;
8.09663;
8.07465;
8.05272;
8.03085;
8.00904;
7.98729;
7.9656;
7.94396;
7.92239;
7.90087;
7.87942;
7.85802;
7.83668;
7.8154;
7.79417;
7.77301;
7.7519;
7.73084;
7.70985;
7.68891;
7.66803;
7.64721;
7.62644;
7.60573;
7.58507;
7.56447;
7.54393;
7.52344;
7.50301;
7.48263;
7.46231;
7.44205;
7.42184;
7.40168;
7.38158;
7.36153;
7.34154;
7.3216;
7.30172;
7.28189;
7.26212;
7.24239;
7.22272;
7.20311;
7.18355;
7.16404;
7.14458;
7.12518;
7.10583;
7.08653;
7.06729;
7.0481;
7.02895;
7.00987;
6.99083;
6.97184;
6.95291;
6.93403;
6.9152;
6.89642;
6.87769;
6.85901;
6.84038;
6.82181;
6.80328;
6.7848;
6.76638;
6.748;
6.72968;
6.7114;
6.69317;
6.675;
6.65687;
6.63879;
6.62076;
6.60278;
6.58485;
6.56697;
6.54913;
6.53135;
6.51361;
6.49592;
6.47828;
6.46069;
6.44314;
6.42564;
6.40819;
6.39079;
6.37343;
6.35613;
6.33886;
6.32165;
6.30448;
6.28736;
6.27029;
6.25326;
6.23627;
6.21934;
6.20245;
6.1856;
6.16881;
6.15205;
6.13535;
6.11868;
6.10207;
6.0855;
6.06897;
6.05249;
6.03605;
6.01966;
6.00331;
5.98701;
5.97075;
5.95453;
5.93836;
5.92223;
5.90615;
5.89011;
5.87412;
5.85816;
5.84225;
5.82639;
5.81056;
5.79478;
5.77905;
5.76335;
5.7477;
5.73209;
5.71653;
5.701;
5.68552;
5.67008;
5.65468;
5.63932;
5.62401;
5.60873;
5.5935;
5.57831;
5.56316;
5.54806;
5.53299;
5.51796;
5.50298;
5.48803;
5.47313;
5.45826;
5.44344;
5.42866;
5.41392;
5.39921;
5.38455;
5.36993;
5.35534;
5.3408;
5.3263;
5.31183;
5.29741;
5.28302;
5.26867;
5.25436;
5.24009;
5.22586;
5.21167;
5.19752;
5.1834;
5.16933;
5.15529;
5.14129;
5.12732;
5.1134;
5.09951;
5.08566;
5.07185;
5.05808;
5.04434;
5.03064;
5.01698;
5.00336;
4.98977;
4.97622;
4.9627;
4.94923;
4.93579;
4.92238;
4.90901;
4.89568;
4.88239;
4.86913;
4.8559;
4.84272;
4.82957;
4.81645;
4.80337;
4.79032;
4.77732;
4.76434;
4.7514;
4.7385;
4.72563;
4.7128;
4.7;
4.68723;
4.67451;
4.66181;
4.64915;
4.63652;
4.62393;
4.61138;
4.59885;
4.58636;
4.57391;
4.56149;
4.5491;
4.53674;
4.52442;
4.51214;
4.49988;
4.48766;
4.47547;
4.46332;
4.4512;
4.44366
